4,204692619
4,290459441
3,891820298
4,521788577
3,63758616
3,555348061
4,094344562
4,584967479
3,295836866
4,369447852
3,091042453
2,564949357
4,672828834
3,871201011
4,025351691
4,430816799
4,025351691
3,610917913
4,060443011
3,988984047
3,044522438
3,295836866
3,80666249
3,583518938
3,433987204
4,418840608
3,970291914
3,526360525
4,49980967
2,995732274
4,634728988
3,784189634
2,397895273
3,044522438
3,295836866
4,644390899
3,526360525
3,33220451
4,043051268
2,63905733
4,532599493
4,442651256
4,369447852
2,564949357
3,850147602
4,077537444
3,828641396
3,295836866
4,394449155
4,624972813
4,007333185
4,234106505
4,043051268
4,59511985
4,454347296
4,682131227
3,784189634
4,025351691
4,663439094
4,59511985
4,510859507
4,234106505
3,433987204
4,382026635
4,394449155
3,828641396
4,007333185
2,833213344
3,526360525
4,521788577
3,610917913
3,526360525
4,406719247
4,025351691
4,007333185
4,406719247
4,574710979
3,891820298
3,044522438
4,477336814
4,521788577
2,397895273
4,025351691
4,077537444
4,304065093
3,912023005
3,401197382
3,891820298
4,262679877
3,688879454
4,158883083
4,48863637
4,682131227
4,465908119
4,553876892
4,369447852
4,077537444
3,784189634
4,644390899
3,784189634
3,951243719
4,65396035
4,624972813
3,951243719
3,663561646
3,931825633
4,442651256
4,521788577
3,465735903
4,094344562
3,871201011
3,044522438
4,564348191
4,430816799
4,094344562
4,127134385
4,691347882
4,406719247
4,663439094
4,369447852
4,406719247
3,091042453
4,465908119
4,624972813
3,737669618
3,663561646
4,477336814
3,091042453
4,369447852
4,110873864
4,59511985
3,80666249
3,931825633
4,564348191
4,682131227
2,302585093
4,077537444
4,356708827
4,007333185
4,248495242
4,356708827
4,406719247
3,737669618
3,465735903
3,931825633
4,543294782
2,564949357
4,17438727
3,931825633
3,912023005
4,532599493
4,17438727
4,574710979
3,526360525
4,465908119
4,477336814
3,784189634
3,663561646
3,931825633
3,688879454
3,044522438
4,532599493
2,397895273
3,496507561
3,80666249
3,688879454
4,060443011
4,634728988
4,465908119
4,564348191
4,605170186
4,48863637
2,397895273
3,970291914
4,262679877
4,343805422
4,158883083
4,094344562
2,708050201
4,644390899
3,610917913
3,988984047
2,995732274
3,218875825
4,465908119
4,094344562
3,17805383
3,828641396
2,708050201
3,988984047
4,317488114
2,564949357
2,944438979
4,465908119
4,158883083
4,248495242
4,574710979
4,204692619
4,672828834
4,290459441