2,995732274
2,833213344
3,555348061
3,526360525
2,48490665
2,772588722
3,258096538
2,772588722
3,496507561
2,48490665
3,044522438
3,526360525
3,688879454
3,091042453
3,044522438
2,302585093
3,33220451
2,397895273
2,48490665
3,33220451
2,944438979
3,555348061
3,610917913
2,890371758
2,708050201
3,465735903
2,397895273
3,688879454
3,218875825
3,63758616
2,302585093
3,610917913
3,295836866
2,63905733
3,401197382
3,663561646
3,218875825
3,526360525
2,944438979
2,397895273
3,401197382
3,555348061
3,433987204
3,555348061
3,295836866
2,397895273
3,17805383
2,833213344
3,135494216
2,48490665
3,091042453
3,17805383
3,258096538
2,48490665
2,708050201
3,36729583
3,610917913
3,583518938
3,465735903
2,890371758
3,610917913
2,564949357
2,995732274
3,688879454
2,944438979
2,944438979
2,995732274
3,044522438
3,663561646
3,17805383
2,772588722
3,555348061
2,890371758
3,135494216
3,526360525
3,465735903
3,688879454
3,258096538
3,218875825
3,33220451
3,63758616
3,17805383
3,465735903
2,995732274
2,772588722
3,688879454
3,17805383
3,526360525
3,688879454
2,397895273
3,583518938
2,833213344
2,564949357
3,555348061
2,564949357
2,48490665
3,63758616
2,63905733
2,833213344
3,401197382
3,091042453
3,33220451
2,833213344
2,944438979
2,48490665
2,944438979
2,772588722
2,890371758
2,944438979
3,135494216
3,33220451
3,610917913
3,433987204
3,610917913
3,433987204
2,564949357
3,218875825
2,890371758
2,48490665
3,401197382
2,890371758
3,610917913
2,890371758
3,583518938
3,135494216
3,610917913
3,401197382
2,63905733
3,044522438
3,091042453
2,944438979
3,663561646
2,890371758
2,48490665
3,555348061
3,401197382
2,564949357
3,17805383
3,63758616
3,36729583
2,564949357
3,496507561
3,044522438
3,135494216
3,63758616
3,091042453
3,17805383
2,564949357
2,63905733
2,48490665
3,401197382
3,401197382
3,63758616
3,465735903
2,833213344
3,401197382
3,465735903
3,33220451
3,63758616
3,555348061
2,397895273
3,258096538
3,63758616
3,583518938
3,17805383
3,044522438
2,397895273
3,295836866
3,610917913
3,091042453
3,295836866
3,36729583
3,17805383
2,397895273
3,610917913
2,302585093
2,772588722
3,295836866
3,465735903
2,833213344
2,995732274
2,397895273
3,295836866
3,496507561
3,555348061
2,772588722
3,295836866
3,401197382
2,944438979
3,433987204
2,772588722
2,63905733
3,496507561
2,995732274
2,564949357
3,295836866
3,258096538
2,995732274
2,944438979
2,772588722