4,852030264
4,304065093
4,465908119
4,060443011
4,510859507
4,219507705
4,615120517
4,912654886
3,951243719
4,418840608
4,644390899
3,761200116
4,477336814
4,59511985
4,691347882
4,077537444
3,850147602
4,532599493
4,927253685
4,043051268
4,919980926
3,951243719
4,369447852
4,727387819
4,890349128
4,543294782
3,828641396
4,941642423
4,59511985
4,65396035
4,007333185
4,828313737
4,795790546
4,418840608
4,727387819
4,465908119
3,784189634
4,605170186
4,736198448
4,927253685
4,912654886
4,304065093
4,094344562
4,189654742
3,970291914
3,970291914
4,343805422
4,812184355
4,812184355
4,709530201
4,077537444
4,852030264
4,927253685
4,143134726
4,779123493
4,465908119
4,127134385
4,382026635
3,828641396
4,762173935
3,931825633
4,875197323
4,454347296
4,510859507
4,394449155
4,804021045
4,852030264
4,465908119
4,574710979
4,189654742
4,65396035
4,077537444
4,204692619
3,828641396
4,65396035
4,727387819
3,891820298
4,644390899
4,584967479
4,553876892
4,356708827
4,934473933
4,290459441
4,615120517
4,007333185
4,744932128
4,510859507
4,465908119
4,043051268
4,418840608
3,761200116
4,644390899
4,025351691
4,762173935
4,86753445
4,86753445
3,850147602
4,127134385
3,912023005
4,882801923
4,553876892
4,521788577
4,553876892
4,859812404
4,553876892
4,394449155
4,219507705
4,219507705
4,890349128
4,521788577
4,663439094
4,770684624
4,317488114
4,262679877
4,779123493
4,304065093
4,043051268
4,060443011
3,713572067
4,248495242
4,543294782
4,691347882
4,510859507
4,709530201
4,564348191
4,859812404
3,871201011
4,700480366
4,65396035
4,812184355
3,761200116
3,828641396
4,882801923
3,988984047
4,025351691
4,836281907
4,795790546
4,727387819
4,836281907
4,204692619
4,727387819
4,663439094
4,454347296
4,442651256
4,852030264
3,988984047
4,48863637
4,564348191
4,158883083
4,564348191
4,204692619
4,941642423
4,574710979
4,762173935
4,521788577
4,605170186
4,644390899
4,382026635
3,891820298
3,891820298
4,532599493
4,33073334
4,820281566
4,624972813
3,931825633
4,369447852
4,691347882
4,406719247
4,553876892
4,820281566
4,700480366
4,584967479
3,761200116
4,454347296
4,276666119
4,919980926
4,605170186
4,406719247
4,812184355
4,204692619
3,784189634
4,369447852
4,762173935
3,931825633
3,713572067
4,744932128
4,624972813
4,394449155
4,077537444
4,905274778
4,521788577
4,727387819
4,605170186
3,713572067
4,077537444
4,820281566
3,850147602
3,80666249
4,852030264
4,33073334