2,564949357
1,609437912
2,302585093
1,386294361
3,526360525
3,091042453
2,63905733
3,044522438
2,079441542
1,945910149
2,890371758
2,197224577
3,761200116
1,791759469
2,564949357
1,098612289
3,258096538
3,295836866
2,63905733
1,791759469
3,63758616
2,48490665
1,945910149
2,772588722
3,663561646
2,833213344
1,609437912
2,302585093
2,833213344
2,48490665
1,386294361
3,688879454
3,135494216
2,302585093
3,218875825
1,791759469
2,63905733
3,433987204
2,944438979
3,713572067
3,465735903
2,944438979
1,945910149
2,397895273
2,564949357
1,945910149
2,564949357
3,526360525
2,995732274
2,708050201
2,48490665
3,135494216
3,218875825
2,48490665
2,48490665
1,945910149
2,079441542
3,784189634
1,609437912
2,833213344
1,791759469
1,609437912
2,833213344
3,496507561
2,197224577
3,17805383
2,397895273
4,532599493
2,63905733
2,833213344
3,091042453
2,63905733
1,945910149
1,609437912
3,33220451
4,59511985
2,564949357
2,079441542
3,496507561
2,079441542
2,197224577
4,189654742
1,609437912
3,044522438
2,708050201
2,397895273
3,135494216
2,397895273
2,63905733
1,098612289
2,772588722
1,791759469
2,890371758
1,945910149
2,48490665
3,135494216
1,609437912
1,098612289
1,098612289
2,890371758
3,044522438
2,079441542
2,48490665
1,945910149
3,091042453
1,791759469
1,386294361
1,386294361
3,044522438
2,564949357
1,945910149
2,890371758
1,609437912
1,945910149
3,218875825
2,079441542
1,386294361
2,708050201
0,693147181
2,564949357
2,079441542
3,33220451
2,197224577
2,564949357
2,63905733
2,197224577
2,397895273
3,610917913
1,386294361
2,772588722
2,708050201
2,079441542
3,295836866
2,833213344
2,63905733
3,17805383
2,995732274
2,772588722
2,397895273
1,386294361
2,890371758
2,995732274
1,791759469
2,708050201
2,48490665
1,386294361
3,713572067
3,091042453
1,386294361
2,397895273
1,945910149
3,737669618
1,945910149
2,63905733
1,609437912
3,401197382
2,772588722
2,197224577
2,48490665
3,091042453
3,218875825
2,772588722
3,36729583
3,526360525
2,708050201
2,833213344
2,63905733
3,433987204
2,079441542
2,63905733
3,526360525
2,197224577
1,945910149
1,609437912
2,890371758
1,386294361
2,079441542
3,091042453
2,890371758
1,609437912
2,197224577
1,791759469
3,135494216
1,945910149
2,079441542
2,63905733
3,36729583
2,564949357
3,17805383
4,521788577
2,302585093
3,737669618
3,135494216
2,708050201
2,079441542
2,197224577
1,098612289
1,098612289
1,791759469
2,564949357