4,934473933
4,454347296
4,753590191
4,356708827
4,634728988
4,406719247
4,875197323
5,030437921
4,442651256
4,770684624
4,86753445
4,077537444
4,644390899
4,905274778
4,941642423
4,49980967
4,143134726
4,859812404
5,075173815
4,521788577
5,010635294
4,317488114
4,521788577
4,912654886
5,003946306
4,709530201
4,262679877
5,105945474
4,779123493
4,770684624
4,394449155
5,068904202
5,056245805
4,718498871
4,905274778
4,718498871
4,234106505
4,804021045
4,990432587
5,147494477
5,030437921
4,615120517
4,406719247
4,382026635
4,394449155
4,430816799
4,553876892
5,030437921
4,94875989
4,912654886
4,406719247
4,955827058
5,153291594
4,564348191
5,010635294
4,691347882
4,33073334
4,682131227
4,262679877
4,941642423
4,204692619
5,030437921
4,779123493
4,736198448
4,682131227
4,9698133
4,990432587
4,770684624
4,905274778
4,343805422
4,905274778
4,382026635
4,521788577
4,248495242
4,744932128
4,828313737
4,343805422
4,836281907
4,890349128
4,753590191
4,682131227
5,164785974
4,615120517
4,836281907
4,248495242
4,882801923
4,753590191
4,584967479
4,343805422
4,564348191
4,382026635
4,912654886
4,521788577
4,990432587
4,990432587
5,099866428
4,382026635
4,369447852
4,465908119
5,105945474
4,682131227
4,672828834
4,844187086
5,099866428
4,691347882
4,521788577
4,49980967
4,510859507
5,056245805
4,836281907
4,86753445
4,94875989
4,624972813
4,477336814
5,003946306
4,465908119
4,532599493
4,317488114
3,988984047
4,574710979
4,795790546
4,882801923
4,691347882
4,844187086
4,691347882
4,94875989
4,127134385
4,983606622
4,762173935
4,990432587
4,110873864
4,043051268
4,976733742
4,369447852
4,510859507
4,912654886
4,890349128
4,86753445
4,976733742
4,418840608
4,812184355
4,820281566
4,727387819
4,59511985
5,043425117
4,219507705
4,836281907
4,762173935
4,49980967
4,852030264
4,510859507
5,017279837
4,709530201
5,030437921
4,718498871
4,8978398
4,912654886
4,521788577
4,158883083
4,158883083
4,672828834
4,477336814
5,068904202
4,762173935
4,356708827
4,584967479
4,844187086
4,744932128
4,859812404
5,023880521
4,976733742
4,852030264
4,204692619
4,727387819
4,454347296
5,036952602
4,8978398
4,727387819
4,927253685
4,49980967
4,406719247
4,564348191
4,927253685
4,369447852
4,234106505
4,882801923
4,852030264
4,634728988
4,430816799
5,111987788
4,770684624
4,94875989
4,795790546
4,110873864
4,510859507
5,003946306
4,394449155
4,127134385
5,093750201
4,718498871