67
73
49
92
38
35
60
98
27
79
22
13
107
48
56
84
56
37
58
54
21
27
45
36
31
83
53
34
90
20
103
44
11
21
27
104
34
28
57
14
93
85
79
13
47
59
46
27
81
102
55
69
57
99
86
108
44
56
106
99
91
69
31
80
81
46
55
17
34
92
37
34
82
56
55
82
97
49
21
88
92
11
56
59
74
50
30
49
71
40
64
89
108
87
95
79
59
44
104
44
52
105
102
52
39
51
85
92
32
60
48
21
96
84
60
62
109
82
106
79
82
22
87
102
42
39
88
22
79
61
99
45
51
96
108
10
59
78
55
70
78
82
42
32
51
94
13
65
51
50
93
65
97
34
87
88
44
39
51
40
21
93
11
33
45
40
58
103
87
96
100
89
11
53
71
77
64
60
15
104
37
54
20
25
87
60
24
46
15
54
75
13
19
87
64
70
97
67
107
73