20
17
35
34
12
16
26
16
33
12
21
34
40
22
21
10
28
11
12
28
19
35
37
18
15
32
11
40
25
38
10
37
27
14
30
39
25
34
19
11
30
35
31
35
27
11
24
17
23
12
22
24
26
12
15
29
37
36
32
18
37
13
20
40
19
19
20
21
39
24
16
35
18
23
34
32
40
26
25
28
38
24
32
20
16
40
24
34
40
11
36
17
13
35
13
12
38
14
17
30
22
28
17
19
12
19
16
18
19
23
28
37
31
37
31
13
25
18
12
30
18
37
18
36
23
37
30
14
21
22
19
39
18
12
35
30
13
24
38
29
13
33
21
23
38
22
24
13
14
12
30
30
38
32
17
30
32
28
38
35
11
26
38
36
24
21
11
27
37
22
27
29
24
11
37
10
16
27
32
17
20
11
27
33
35
16
27
30
19
31
16
14
33
20
13
27
26
20
19
16