128
74
87
58
91
68
101
136
52
83
104
43
88
99
109
59
47
93
138
57
137
52
79
113
133
94
46
140
99
105
55
125
121
83
113
87
44
100
114
138
136
74
60
66
53
53
77
123
123
111
59
128
138
63
119
87
62
80
46
117
51
131
86
91
81
122
128
87
97
66
105
59
67
46
105
113
49
104
98
95
78
139
73
101
55
115
91
87
57
83
43
104
56
117
130
130
47
62
50
132
95
92
95
129
95
81
68
68
133
92
106
118
75
71
119
74
57
58
41
70
94
109
91
111
96
129
48
110
105
123
43
46
132
54
56
126
121
113
126
67
113
106
86
85
128
54
89
96
64
96
67
140
97
117
92
100
104
80
49
49
93
76
124
102
51
79
109
82
95
124
110
98
43
86
72
137
100
82
123
67
44
79
117
51
41
115
102
81
59
135
92
113
100
41
59
124
47
45
128
76