13
5
10
4
34
22
14
21
8
7
18
9
43
6
13
3
26
27
14
6
38
12
7
16
39
17
5
10
17
12
4
40
23
10
25
6
14
31
19
41
32
19
7
11
13
7
13
34
20
15
12
23
25
12
12
7
8
44
5
17
6
5
17
33
9
24
11
93
14
17
22
14
7
5
28
99
13
8
33
8
9
66
5
21
15
11
23
11
14
3
16
6
18
7
12
23
5
3
3
18
21
8
12
7
22
6
4
4
21
13
7
18
5
7
25
8
4
15
2
13
8
28
9
13
14
9
11
37
4
16
15
8
27
17
14
24
20
16
11
4
18
20
6
15
12
4
41
22
4
11
7
42
7
14
5
30
16
9
12
22
25
16
29
34
15
17
14
31
8
14
34
9
7
5
18
4
8
22
18
5
9
6
23
7
8
14
29
13
24
92
10
42
23
15
8
9
3
3
6
13