139
86
116
78
103
82
131
153
85
118
130
59
104
135
140
90
63
129
160
92
150
75
92
136
149
111
71
165
119
118
81
159
157
112
135
112
69
122
147
172
153
101
82
80
81
84
95
153
141
136
82
142
173
96
150
109
76
108
71
140
67
153
119
114
108
144
147
118
135
77
135
80
92
70
115
125
77
126
133
116
108
175
101
126
70
132
116
98
77
96
80
136
92
147
147
164
80
79
87
165
108
107
127
164
109
92
90
91
157
126
130
141
102
88
149
87
93
75
54
97
121
132
109
127
109
141
62
146
117
147
61
57
145
79
91
136
133
130
145
83
123
124
113
99
155
68
126
117
90
128
91
151
111
153
112
134
136
92
64
64
107
88
159
117
78
98
127
115
129
152
145
128
67
113
86
154
134
113
138
90
82
96
138
79
69
132
128
103
84
166
118
141
121
61
91
149
81
62
163
112